 
x^2 + x - 2:

roots =

    -2     1


erfl =

     0

 
-x^2 - x + 2:

roots =

    -2     1


erfl =

     0

 
1e155x^2 + 1e155x - 2e155:

roots =

    -2     1


erfl =

     0

 
1e-155x^2 + 1e-155x - 2e-155:

roots =

    -2     1


erfl =

     0

 
x^2 - 4x + 5:

roots =

     2.000000000000000e+00     9.999999999999998e-01


erfl =

     1

 
3e-7x^2 + 3x - 5e-13:

roots =

    -1.000000000000000e+07     1.666666666666667e-13


erfl =

     0

 
-3e-7x^2 - 3x + 5e-13:

roots =

    -1.000000000000000e+07     1.666666666666667e-13


erfl =

     0

 
1e-42x^2 - 2x + 2:

roots =

     1   NaN


erfl =

    -4

 
0x^2 - 2x + 2:

roots =

     1   NaN


erfl =

    -4

 
0x^2 + 0x + 2:

roots =

   NaN   NaN


erfl =

    -3

 
